boxes = [
[(226, -119), (196, -125), (129, -70), (139, -64), (148, -60), (160, -58), (226, -119)],
[(81, -348), (77, -375), (37, -375), (18, -367), (20, -350), (40, -346), (81, -348)],
[(85, -323), (81, -348), (40, -346), (44, -317), (85, -323)],
[(90, -297), (85, -323), (44, -317), (48, -290), (90, -297)],
[(96, -271), (90, -297), (48, -290), (53, -261), (96, -271)],
[(103, -246), (96, -271), (53, -261), (59, -232), (103, -246)],
[(110, -221), (103, -246), (59, -232), (41, -219), (44, -203), (65, -203), (110, -221)],
[(119, -196), (110, -221), (65, -203), (72, -175), (119, -196)],
[(130, -173), (119, -196), (72, -175), (81, -146), (130, -173)],
[(146, -151), (130, -173), (81, -146), (93, -118), (146, -151)],
[(169, -136), (146, -151), (93, -118), (108, -92), (169, -136)],
[(196, -125), (169, -136), (108, -92), (95, -77), (109, -60), (129, -70), (196, -125)],
[(257, -118), (226, -119), (160, -58), (173, -56), (192, -55), (197, -54), (257, -118)],
[(286, -117), (257, -118), (197, -54), (232, -54), (286, -117)],
[(312, -117), (286, -117), (232, -54), (264, -53), (312, -117)],
[(335, -117), (312, -117), (264, -53), (256, -33), (277, -33), (294, -53), (335, -117)],
[(357, -117), (335, -117), (294, -53), (321, -53), (357, -117)],
[(378, -117), (357, -117), (321, -53), (346, -53), (378, -117)],
[(397, -117), (378, -117), (346, -53), (370, -53), (397, -117)],
[(415, -117), (397, -117), (370, -53), (393, -53), (415, -117)],
[(433, -117), (415, -117), (393, -53), (391, -33), (406, -33), (415, -53), (433, -117)],
[(449, -117), (433, -117), (415, -53), (436, -53), (449, -117)],
[(466, -117), (449, -117), (436, -53), (457, -53), (466, -117)],
[(482, -117), (466, -117), (457, -53), (477, -53), (482, -117)],
[(498, -117), (482, -117), (477, -53), (497, -53), (498, -117)],
[(514, -117), (498, -117), (497, -53), (501, -33), (514, -33), (517, -53), (514, -117)],
[(530, -117), (514, -117), (517, -53), (537, -53), (530, -117)],
[(547, -117), (530, -117), (537, -53), (558, -53), (547, -117)],
[(563, -117), (547, -117), (558, -53), (579, -53), (563, -117)]
]